34 2
34 -0.48099217 -0.69071484
1 0.4002812 -0.77527547
33 -0.46577534 -0.6806742
3 -0.042758655 -0.69703317
2 0.1905285 -0.754604
32 -0.42628312 -0.67890066
4 0.2457655 -0.7360089
24 -0.5834106 -0.6838775
9 -0.21281284 -0.6985344
14 0.0914376 -0.7202921
30 -0.6715249 -0.67619467
7 0.9602919 -0.9208475
28 -0.53593105 -0.674988
8 0.28523502 -0.7511461
31 -0.2570734 -0.7012502
6 1.0117624 -0.9055108
25 -0.5998058 -0.6721565
29 -0.3656183 -0.6709162
26 -0.70159173 -0.6779112
5 0.7487153 -0.84209204
20 0.12561414 -0.71643054
11 0.84997797 -0.8623165
15 -0.51385367 -0.6871088
10 -0.2903059 -0.67966145
27 -0.6623822 -0.6580424
17 1.1450328 -0.94422597
22 0.38888597 -0.7648683
18 0.44336554 -0.7902197
16 -0.6374643 -0.6593332
21 -0.5574697 -0.6671097
19 -0.64119494 -0.67642003
23 -0.54906565 -0.6721336
13 0.36139154 -0.7542546
12 0.4607052 -0.77379906
